java Lab2W data/protein-secondary-structure.data
0.22652218782249742
0.21259029927760578
HiddenLayer:
[0.32268064396191837, 0.9487600330526748, 0.30637117454272067, -0.12159717726939132, 0.7354030710939954, 0.5048354446465825, 0.7438121949584189, -0.1333870310980385, -0.6694434890538365, -0.5431035273453455, 0.3352271535235257, -0.15266196398390283, 0.9815049586808161, 0.9433794202311505, -0.04026250967641084, -0.5841986030260701, -0.8124985031655347, 0.8612966674251397]
[0.29353320730850735, -0.39381000552672, 0.8333935458073696, -0.8000134383949101, 0.03332000739799751, 0.3745377914176529, 0.19920010989633302, 0.374340839201855, 0.20022492292216618, 0.38535428405818584, -0.1976864063426793, 0.7085141055128863, 0.4739545306030743, 0.45844626660285104, -0.6713470255777146, 1.0249545051771107, -0.6905174654618329, 0.05000044352165379]
[0.40668641255239035, 0.16828956405346146, -0.28611291263557437, -0.8238421713304898, -0.8140172016666118, 0.21899458361627294, 0.7164333632004308, -0.5670825403496546, 0.9953399278821721, -0.1865122382624955, 0.34914103159747223, -0.7052782942291546, -0.2909807588520737, -0.3692133226162684, 0.8921923958924666, 0.07991878241625257, 0.42224274116417315, -0.02812597158306217]
[-0.05728942898586063, -0.6529247105567092, -0.8509481499780107, -0.20998906890883248, 0.07405096066717794, 0.2863399354276738, 0.9407963321198166, 0.5289327753285427, -0.3903940677016346, -0.2473400542885244, 0.15178212025332014, 0.6126963860659708, 0.9755299796944739, 0.6124321550713978, 0.13914641530276473, 0.736318598640228, 0.2672343955991549, -0.4197918283603709]
[-0.3579301259807953, 0.8241037993041913, 0.05518295397415416, 0.7578572976019718, -0.23612066778320126, -0.7351745048614915, -0.8434529698543325, 0.4277227296309918, 0.18040758953272248, 0.15866883313059021, 0.8601092324868698, 0.8270604703707141, 0.708049175662284, 0.656356501661022, -0.1707416516006372, -0.34501590313297675, -0.5964525945510489, 0.8472948265759097]
[-0.6019187770623328, -0.37062937601709006, 0.7180805376406321, 0.38925061307379016, -0.17155716900169823, -0.5425020027754907, 0.7717290701608914, -0.19883700639586344, -0.342265205974149, 0.6118595727624662, -0.49840069162855866, -0.5999708015848841, 0.46410502044166063, -0.6898361942910102, 0.36911479486915083, 0.18534803909483513, -0.630621600126435, 0.5914965984559206]
[0.5568646357603065, -0.2502881197645112, -0.9796107056944062, -0.333430661294905, -0.16120633135371396, -0.02416442418034743, -0.6370943019266426, -0.5308800643127046, 0.04193379608161204, 0.8560926346788552, 0.29250144782853904, -0.4149006092188782, 0.6832590525740222, -0.7880261237898326, -0.7498032962175497, 0.279994332560936, -0.4623543501819686, -0.5617049514218114]
[-0.562648740176295, -0.5071840676736924, -0.5449758508969371, 0.5355562139691481, -0.10961643371066507, 0.4347671147057092, 0.5595156107593826, 0.861594544267669, 0.5173037798456848, -0.31820665222778627, -0.17033439107598977, 0.5932937957487808, 0.5823755166489469, 0.5664512641845293, 0.669390933597095, 0.2656136428981792, -0.2942216877064768, 0.04661441518590921]
[0.24569257053920182, -0.5279937853017203, 0.4830937581323423, -0.5633187608531711, -0.45791892485303193, -0.3158810815490767, -0.29700677708837014, 0.729256296888773, -0.6725149321284014, -0.8522547582662336, -0.373966060043211, 0.5959725266991236, -0.6424471804174886, 0.6440233984441194, 0.9245561338283986, 0.20701510398768733, -0.40630224887758437, 0.5497470527152681]
[0.7698758199682041, -0.8411354453506587, -0.49915109865602886, 0.9952005072513717, -0.9798450584802999, -0.43632203151672255, -0.10386888462418487, -0.8237160311662525, 0.44302663707681655, -0.6418861640854976, 0.2684171754159255, 0.32388266345877414, -0.6173985992825566, -0.41546451166891035, -0.31777171043331703, -0.31305744178358963, -0.770310619740949, -0.35958095932217726]
[0.9184858745962329, -0.8695010401452223, 0.343106838130891, 0.33964824767224505, -0.8410086479402608, -0.22882194526903762, 0.36788314932588595, 0.5628940418457258, 0.2502645268833552, 0.8154738852956462, -0.6123314126951802, -0.002532764809043686, 0.8096104947301155, -0.04129923583386287, 0.5224192336627599, 0.6698789755946118, -0.8091501319063855, 0.9321987043985185]
[-0.46662360978132444, 0.29263209468180357, -0.27886395250574636, -0.27038041638144455, -0.11251169767317164, -0.9470027650544153, 0.6082037300612021, 0.9108127314519872, -0.7493782502389625, 0.5071858911060927, 0.4987624528224592, 0.9732782523838631, 0.16055215509084966, 0.6501578088879183, 0.606363414566615, 0.11174610464832042, 0.8587581834211643, -0.01757158387712905]
[0.9711038356123025, 0.3641539981733268, 0.650327920958709, 0.4633750555393027, -0.03722826064572504, 0.7794791055674238, -0.8400679858863742, -0.8630837477932227, 0.5820597535860933, 0.11843464370070506, -0.7442446771770793, 0.3921459176276318, -0.18192251916628968, 0.43170394447652183, 0.5403536360117258, -0.5362388280210386, 0.3439609827457057, 0.04939178124660636]
[0.10672779858703275, 0.6798263895702613, 0.5232775868471911, -0.10499663453372779, 0.33631341009452626, -0.29726189743992765, 0.9757023608615223, 0.37896754366306223, 0.6590753788170836, -0.2729186947310093, -0.07046619720762475, 0.7916483578576765, -0.8539612138191794, 0.48727529282692716, 0.3792837284164214, 0.5791969105587126, 0.2826853850521384, 0.39170048834127874]
[-0.9854490492066463, -0.719570637030763, 0.06931048999701277, 0.9101552805381498, -0.7179995799380336, 0.3358446011937902, -0.2696410987177103, -0.5742763223325977, -0.15618608173683532, -0.643908513569665, -0.7348847891887458, -0.9373929768877757, -0.48530859729115255, -0.9626299743756609, 0.7344012505596782, 0.8858506942494325, 0.45960321156188483, -0.9929906472239843]
[-0.07739892146231658, 0.06206052368137981, 0.5537706134582966, 0.2152173848805786, -0.35918558347140356, -0.9238117388334588, 0.7054506319492319, -0.24095217213065714, 0.01931135772019651, -0.1940876255988202, 0.33321374389534075, -0.3969817433738221, 0.019797922349135345, -0.5528034356393463, -0.9355431555541308, 0.42507479909637114, -0.09097016374248452, -0.3197770887313968]
[-0.16509874533382668, 0.7155849360923773, 0.2615592122880589, -0.7745474756533317, 0.44644212404151096, -0.7254543523297468, -0.009361388807211471, -0.1159294259384854, 0.9369779793421459, 0.22774086782191982, 0.4500746179267659, -0.8565801151376272, 0.9495349124554788, -0.9397751322147861, 0.755564449039085, 0.8406754335048778, 0.0820194548997687, -0.3968580185968818]
[-0.792567012591434, 1.159752282139642, -0.6708637716503913, 0.14429413035659727, -0.10586210071881462, -0.2647444675257887, 0.6724433871382562, -0.13209160844875534, 0.2277230619527459, 0.9239360549662294, -0.781449863000794, 0.8483674464316339, -0.6320653918326515, 0.2250362076149763, 0.7918057559646982, 0.6830322913604191, -0.7513605960421412, -0.4917275851191759]
[-0.2070026617229101, -0.9636307327945394, 0.0036958596400825613, -0.3930572032983233, -0.877122151743799, -0.8448623623201481, -0.7119077209843112, 0.6492783505788854, 0.7591812651414485, -0.7435699743518208, -0.9843754206945167, 0.7334198525955418, 0.38463066532971113, 0.7365607625302916, 0.19110102575314536, -0.1163285636605268, 0.020316782609717397, 0.81075221447538]
[0.5688838429207331, 0.05936853413429621, 0.8646178109558912, 0.45185256809414837, -0.6674470880892401, -0.559107239415583, 0.6175717381599167, 1.063597041540956, 0.7421415014417483, 0.5659521650752639, -0.6240969496396185, -0.5832771327471661, -0.46451826335277024, -0.6907933049272081, 1.009602312287211, 0.676077391065042, 0.2195150450722625, -0.48000873018603973]
[0.5882406483904238, -1.009237848825074, -0.7756863212264196, -0.13718423799086046, -0.3585341317140498, 0.44607680457881665, -0.100496553048835, 0.7351637865342289, -0.7394097701593983, 0.7478094480768589, -0.46894864706858963, -0.24408170949355074, 0.3397110875675397, -0.7155181124872688, 0.03628939495932891, -0.7847689563518369, -0.29740065506808716, 0.8804087416086754]
[0.5220163140415165, 0.3309904803848396, -0.7557080833004257, -0.651269271058799, -0.6315525442059211, -0.25669070581677816, 0.24833180715142433, -0.050227853415422546, 0.692723286168168, 0.853082581661261, 1.047012938856546, 0.303147230408176, 0.1776145880601949, 0.04996056195590926, 0.9819908629115421, -0.20747915671982134, 0.7100422653579228, -0.9079431324976615]
[0.3082363872605269, 0.49978860849316226, 0.09470100043897474, -0.33988321009001365, 0.1950585356086755, 0.4798853276940261, -0.46646726381786835, 0.46386694321533634, 0.08839087641794878, -0.29777183816222025, 0.1833256945509573, 0.3497719884922456, -0.06805649152085118, 0.128861040061871, -0.2248553685564316, 0.13145059105205112, 0.9058248347831868, -0.5936372416090165]
[0.9035314478535298, 0.706378983900332, 0.9612459838624186, 0.08942526613737528, -0.10579261590964208, 0.19839984378323441, 0.5319291879477166, -0.2741461857917259, 0.6380168730216353, 0.5695721825840063, 0.43478340584411446, 0.6033573973802576, -0.5784399596015144, 0.6946464741110564, -0.2992375949421752, -0.09210788524606844, 0.9653536268935653, 0.27567914075733113]
[-0.8376299294673907, -0.026399218308481135, 0.1496194045683655, -0.7486256420859823, -0.2810186144742282, -0.2879655794121085, -0.8124949024742023, -0.19356762993215856, -0.536267046048074, 0.7379755312539052, -0.623951832837605, -0.925022487286415, 0.1993985689719111, 0.4965375813279579, 0.9015727893550837, 0.616867272313375, -0.5833457184629388, -0.6887786360401077]
[0.7297586706755153, 0.4289211768494337, -0.8015152982981417, -0.17806038676480215, -0.7268558862689805, 0.2306975316952652, 0.0968598771875217, 0.20875620768150127, 0.3191276093582609, 0.7583333852503061, 0.29867862805339146, 0.3547015300537118, 0.7912025723006524, -0.8398986362768294, -0.7594438839331997, 1.0203641917222195, -0.40804526255192847, 0.4365834718915953]
[0.4108125429815156, -0.5814982392516779, -0.861878187949994, 0.8111174851625738, 0.08102699017232914, -0.7388526419306126, 0.8128139461658052, 0.21754932840170718, -0.19816949851231208, -0.697163102140381, 0.13415978517144597, -0.31185546035065065, 0.7994487924854174, 0.8939461895319684, -0.9204510180062679, -0.37195136966045295, -0.2835231775798021, 0.28463595446950446]
[0.9270610907475447, -0.09677552384036034, 0.5841884389595338, -0.17187033745078048, -0.767834614697251, 0.32434401865233575, 0.11621471945903353, -0.4276499996212016, 0.8443923339369053, -0.5291415108787804, -0.13989300385517947, -0.47105385654902254, 0.20294665698024086, 0.19674252141498003, 0.9410204497756818, -0.3080593817305825, -0.8185684379366273, 0.7380880825734506]
[-0.7818718412490367, 0.703459288320755, 0.5507439173971843, 0.1854108818995322, -0.8828626429226464, -0.3543648807582563, -0.02305308658882459, -0.4777196266197921, -0.3956120470966558, -0.41586246820749145, -0.18221360657088162, -0.8928163879771307, 0.524624021493333, 0.2308574483842487, 0.401153364418083, -0.9037452279431605, -0.5287284024101131, -0.6681701032772669]
[0.160733642992231, 0.6584648039239809, -0.28758627643922585, -0.9498762657040871, 0.8762056745840355, -0.16310306408738082, -0.9225805282532, -0.6650620287291725, 0.8092705634165135, 0.870767146360144, 0.24926222048322652, 0.797803762885706, 0.4066378288458792, 0.6069064525741326, 0.3881200175024795, -0.4535831116250545, 0.03823130263041939, -0.41061734938144495]
OutputLayer:
[0.11795213944855876, 1.2283062680485186, 0.25490667677520473, 0.4194399979685691, 0.6293888660654247, -0.3621456925886223, -0.5386933865726928, 0.10878503684771627, 0.2725196938864988, 0.5858584434703635, 0.7075707848783397, 0.4376108244581954, 0.880626820904703, 0.8484023682694501, -0.810549582753374, 0.26074731377887106, 0.34210700296775914, 1.0224636426044933, -0.45362869684028023, 0.01558290085551845, 0.8340090891576774, 1.0601988506212436, 1.4373660205177112, 0.7678230258173284, -0.8273354370062342, 0.11709892522953279, 0.14027058642976586, 0.5410181931884324, -0.9223269025547601, -0.02549951445688061, 0.9472854381915062]
[1.2665458592318195, 0.7373683534807464, -0.1770030768677593, 0.5048289647395688, 0.34736201097133174, -0.1628281009958859, -0.5655543917969843, 1.236901420858904, -0.10426478544889482, 0.00898995766630185, 0.8776560379441566, -0.354366427540124, 0.042620547440737004, 0.41644759589227026, -0.3273281570452608, -0.6340164720298149, 0.02267716662473616, 0.9902202821303071, -0.48879052828350533, 1.3072498209341425, -0.8427041589354088, 1.372929966751405, 0.1672771201378618, 1.1469504086892361, 0.21363243593451636, 1.1557937402246947, -0.2811673510782913, 0.40749086403799584, -0.8185678551719079, 0.26916761334544453, 0.3905932297558099]
[-0.6262862496229187, 0.3347426591874526, -0.8194528780147654, -1.0976093088661414, -0.7377880115754382, 0.4962927803441608, 0.15466317370351126, -1.167759566217969, -0.7372090584889399, 0.5402196878750868, 0.34293947875517405, -0.4460243657468067, -0.16859333612220584, -1.332044630115214, -0.7767017492523897, -0.1046313860464905, -0.7805598778670009, -0.04466151412145827, 0.6680949855243055, -1.1730982926225477, 0.9080856865427749, 0.33030247054828676, -0.933778500368388, -0.2120345705027189, -0.46800334864605253, -0.03686657195373997, -0.6090864451102828, -0.2128393377228504, -0.8342225550154678, -0.9932693334747378, -1.4004417239717675]
